rs11549465(r) = CT(0.386313), CC(0.355408), TT(0.258278)
rs4994(r) = CT(0.368653), TT(0.337748), CC(0.293598)
rs429358(r) = TT(0.403974), CT(0.390728), CC(0.205298)
rs762551(r) = AA(0.692053), CA(0.254967), CC(0.052980)
rs8192678(r) = TT(0.501104), CT(0.324503), CC(0.174393)
rs35874116(r) = CT(0.467991), TT(0.302428), CC(0.229581)
rs738409(r) = CC(0.842163), CG(0.139073), GG(0.018764)
rs571312(r) = CC(0.63245), CA(0.32340), AA(0.04415)
rs480902(r) = CC(0.874172), CT(0.100442), TT(0.025386)
rs1137100(r) = AA(0.593819), GG(0.293598), AG(0.112583)
rs7412(r) = TT(0.434879), CC(0.310155), CT(0.254967)
rs713598(r) = CC(0.540839), CG(0.370861), GG(0.088300)
rs660839(r) = CC(0.569536), CT(0.250552), TT(0.179912)
rs6821591(r) = CC(0.700883), CT(0.204194), TT(0.094923)
rs12033832(r) = CG(0.402870), CC(0.365342), GG(0.231788)
rs11549467(r) = GG(0.577263), GA(0.327815), AA(0.094923)
rs5030980(r) = CC(0.600442), CT(0.315673), TT(0.083885)
rs10246939(r) = CC(0.700883), CT(0.218543), TT(0.080574)
rs1042713(r) = GG(0.745033), AG(0.211921), AA(0.043046)
rs104894023(r) = CC(0.433775), CT(0.343267), TT(0.221854)